insert_time = [0.003990650177001953, 0.0029897689819335938, 0.01998424530029297, 0.08476638793945312, 3.7191336154937744, 351.85755944252014, 2071.8913114070892]
shaker_time = [0.002989530563354492, 0.003988981246948242, 0.02294135093688965, 0.17827105522155762, 5.700236082077026, 661.2368772029877, 2464.11603140831]
heap_time = [0.0019943714141845703, 0.000997304916381836, 0.0029878616333007812, 0.00997471809387207, 0.07978701591491699, 1.422748327255249, 1.865802526473999]
